version https://git-lfs.github.com/spec/v1
oid sha256:35076a694997bac738f4e29aec976a39a54c2a90450233cf838b4730a3a55e67
size 3591070
