version https://git-lfs.github.com/spec/v1
oid sha256:002085bced17ca7b4b794c49898f3fb4f6eb6d4696aefdd62f919d58b1c97921
size 3994202
