version https://git-lfs.github.com/spec/v1
oid sha256:2c790f844205d133f1f277b84df69111b66e479d16df0cbd0e551e99b51b8987
size 5520
